intro_reg	Position_Spring	dAF_Spring	AlleleFreq1	AlleleFreq2	chi_Spring_top	results
chr10_20540001_20600000	20581916	0.346290041403356	0.586402266288952	0.932692307692308	0.00000000000000000404855620198276	20,581,916 / 17.4 / 0.35
chr10_20820001_20860000	20850721	0.290999099909991	0.345454545454545	0.0544554455445545	0.0000000000000352022428871925	20,850,721 / 13.5 / 0.29
chr10_21120001_21140000	21130733	0.392546783760173	0.843096234309623	0.450549450549451	0.0000000000000000000000000000351497492450828	21,130,733 / 28.5 / 0.39
chr10_21380001_21400000	21390557	0.509868421052632	0.634868421052632	0.125	0.000000000000000000000000000035751301020335	21,390,557 / 28.4 / 0.51
chr10_21480001_21600000	21572857	0.554412507719082	0.846965699208443	0.292553191489362	0.00000000000000000000000000000000000000593324759259251	21,572,857 / 38.2 / 0.55
chr10_21940001_21960000	21959848	0.465741352720864	0.470588235294118	0.936329588014981	0.00000000000000000000000000000000022162997315213	21,959,848 / 33.7 / 0.47
chr10_22040001_22060000	22046953	0.566276803118908	0.407407407407407	0.973684210526316	0.00000000000000000000000000000000000108093001456068	22,046,953 / 36.0 / 0.57
chr10_25040001_25220000	25150137	0.682737616365935	0.942477876106195	0.25974025974026	0.0000000000000000000000000000000000000000000000000000000000000000000000000000912380005283974	25,150,137 / 76.0 / 0.68
chr10_25380001_25400000	25382814	0.0862472734085404	0.994459833795014	0.908212560386473	0.00000053957010188153	25,382,814 / 6.3 / 0.09
chr10_25680001_25700000	25699987	0.282421317046742	0.670886075949367	0.953307392996109	0.0000000000000000314808582340444	25,699,987 / 16.5 / 0.28
chr10_26200001_26240000	26217604	0.429848544672989	0.545090180360721	0.115241635687732	0.000000000000000000000000000000739869411878264	26,217,604 / 30.1 / 0.43
chr10_26300001_26360000	26319497	0.557891453524641	0.671428571428571	0.11353711790393	0.0000000000000000000000000000000000000000121682349756556	26,319,497 / 40.9 / 0.56
chr10_27520001_27560000	27521243	0.239119567594589	0.746696035242291	0.985815602836879	0.000000000000000025997784493273	27,521,243 / 16.6 / 0.24
chr12_16060001_16080000	16065802	0.346340328148637	0.618226600985222	0.964566929133858	0.0000000000000000000000321861646625867	16,065,802 / 22.5 / 0.35
chr12_16140001_16240000	16227402	0.370859428054025	0.560175054704595	0.931034482758621	0.00000000000000000000000000656819008966816	16,227,402 / 26.2 / 0.37
chr16_13980001_14000000	13999471	0.493469174503657	0.758620689655172	0.265151515151515	0.00000000000000000000000000000000000000544313184214654	13,999,471 / 38.3 / 0.49
chr16_14080001_14240000	14164286	0.66390725633319	0.204705882352941	0.868613138686131	0.000000000000000000000000000000000000000000000000000000000000000014112658925104	14,164,286 / 64.9 / 0.66
chr16_14380001_14760000	14588897	0.570093896713615	0.693333333333333	0.123239436619718	0.00000000000000000000000000000000000000000000000000833870584241413	14,588,897 / 50.1 / 0.57
chr16_15140001_15260000	15252445	0.383553661823082	0.595870206489675	0.979423868312757	0.0000000000000000000000000649177371402337	15,252,445 / 25.2 / 0.38
chr16_15320001_15360000	15355296	0.396651162790698	0.541333333333333	0.937984496124031	0.0000000000000000000000000187165627503691	15,355,296 / 25.7 / 0.40
chr17_18540001_18780000	18629585	0.705090453780061	0.803203661327231	0.0981132075471698	0.000000000000000000000000000000000000000000000000000000000000000000000000426259027605351	18,629,585 / 72.4 / 0.71
chr17_25280001_25360000	25344618	0.844137081879746	0.00677200902934537	0.850909090909091	0.0000000000000000000000000000000000000000000000000000000000000000000000000000000000000000000000000000000000000000000000043126552652035	25,344,618 / 119.4 / 0.84
chr19_6360001_6380000	6362829	0.488229569425813	0.810068649885583	0.32183908045977	0.000000000000000000000000000000000000114290529471049	6,362,829 / 36.9 / 0.49
chr1_28920001_29080000	28975098	0.482980972515856	0.448837209302326	0.931818181818182	0.0000000000000000000000000000000161915247384188	28,975,098 / 31.8 / 0.48
chr3_31920001_32040000	31924585	0.532575744745711	0.394431554524362	0.927007299270073	0.0000000000000000000000000000000000000000000156948262948479	31,924,585 / 43.8 / 0.53
