

TREE # 1

  0  0.0000   9331.181388  x:  0.89152   1.36103   0.98351   0.05715   0.00711   0.00589   0.07919   1.84806   0.38823  
  1 99.0000   9327.585953  x:  0.89178   1.36092   0.98341   0.05681   0.01138   0.00083   0.07950   1.84792   0.38614  
  2 805.3115   9326.331811  x:  0.89316   1.36032   0.98290   0.05512   0.01613   0.00372   0.08116   1.84715   0.37517  
  3 313.0733   9312.140357  x:  0.90558   1.35526   0.97861   0.04062   0.01371   0.00256   0.09542   1.84028   0.27981  
  4 1136.5712   9310.447153  x:  0.94581   1.36560   0.99017   0.05540   0.01380   0.00255   0.10402   1.82059   0.26923  
  5 75.9604   9302.513196  x:  1.16030   1.42250   1.05228   0.04694   0.01429   0.00278   0.08490   1.71353   0.22751  
  6 401.2502   9301.950673  x:  1.17419   1.42794   1.05480   0.03564   0.01424   0.00274   0.09917   1.70121   0.22893  
  7 73.5410   9300.689171  x:  1.14756   1.47369   1.00637   0.03713   0.01428   0.00273   0.09819   1.55358   0.22549  
  8 16.7140   9300.580203  x:  1.13983   1.44814   1.02532   0.03738   0.01425   0.00271   0.09800   1.52772   0.22627  
  9  4.5197   9300.446828  x:  1.15461   1.42534   1.00223   0.03877   0.01407   0.00259   0.09663   1.52371   0.23150  
 10  0.7514   9299.260179  x:  1.15611   1.49311   1.04309   0.04384   0.01281   0.00155   0.09321   1.53319   0.23683  
 11  1.1295   9299.076249  x:  1.16481   1.49071   1.04407   0.04435   0.01215   0.00079   0.09423   1.53141   0.23404  
 12  0.0198   9299.047907  x:  1.17352   1.49180   1.04667   0.04448   0.01217   0.00092   0.09485   1.52894   0.23067  
 13  0.0105   9299.044911  x:  1.17713   1.49493   1.04869   0.04443   0.01225   0.00086   0.09461   1.52773   0.22983  
 14  0.0055   9299.044733  x:  1.17758   1.49581   1.04917   0.04445   0.01224   0.00087   0.09455   1.52783   0.22982  
 15  0.0011   9299.044730  x:  1.17764   1.49590   1.04922   0.04447   0.01224   0.00087   0.09455   1.52786   0.22981  