intro_reg	Position_Autumn	dAF_Autumn	AlleleFreq1	AlleleFreq2	chi_Autumn_top	results
chr10_20540001_20600000	20595972	0.241304536386504	0.693121693121693	0.934426229508197	0.000000782856413183953	20,595,972 / 6.1 / 0.24
chr10_20820001_20860000	20824255	0.268156424581006	0.731843575418994	1	0.000000000178580510815165	20,824,255 / 9.7 / 0.27
chr10_21120001_21140000	21128136	0.2242144583608	0.735135135135135	0.959349593495935	0.000000886319541317386	21,128,136 / 6.1 / 0.22
chr10_21380001_21400000	21386784	0.167597765363129	0.832402234636871	1	0.00000839157274522931	21,386,784 / 5.1 / 0.17
chr10_21480001_21600000	21553571	0.248407643312102	0.248407643312102	0	0.0000000556404769726951	21,553,571 / 7.3 / 0.25
chr10_21940001_21960000	21955566	0.195767195767196	0.804232804232804	1	0.00000222535739063855	21,955,566 / 5.7 / 0.20
chr10_22040001_22060000	22059214	0.322092326139089	0.645833333333333	0.323741007194245	0.0000000139297694370208	22,059,214 / 7.9 / 0.32
chr10_25040001_25220000	25153331	0.358585858585859	0.358585858585859	0	0.0000000000000037862865298951	25,153,331 / 14.4 / 0.36
chr10_25380001_25400000	25390702	0.105263157894737	0.894736842105263	1	0.000269583661459725	25,390,702 / 3.6 / 0.11
chr10_25680001_25700000	25686760	0.292857142857143	0.292857142857143	0	0.00000000416790145926993	25,686,760 / 8.4 / 0.29
chr10_26200001_26240000	26201033	0.304568527918782	0.304568527918782	0	0.00000000000237098561797469	26,201,033 / 11.6 / 0.30
chr10_26300001_26360000	26344098	0.396984924623116	0.603015075376884	1	0.00000000000000128042948920924	26,344,098 / 14.9 / 0.40
chr10_27520001_27560000	27527212	0.195527713242615	0.766304347826087	0.961832061068702	0.00000422218466166511	27,527,212 / 5.4 / 0.20
chr12_16060001_16080000	16073917	0.167081839722948	0.981651376146789	0.814569536423841	0.0000000598017307461487	16,073,917 / 7.2 / 0.17
chr12_16140001_16240000	16197898	0.660576923076923	0.975961538461538	0.315384615384615	0.00000000000000000000000000000000000000545414491564311	16,197,898 / 38.3 / 0.66
chr16_13980001_14000000	13980589	0.443191311612364	0.263157894736842	0.706349206349206	0.0000000000000192211193748545	13,980,589 / 13.7 / 0.44
chr16_14080001_14240000	14092534	0.424870466321244	0.424870466321244	0	0.0000000000000000000691490282573368	14,092,534 / 19.2 / 0.42
chr16_14380001_14760000	14629571	0.453125	0.453125	0	0.0000000000000000000772488411073736	14,629,571 / 19.1 / 0.45
chr16_15140001_15260000	15174789	0.214912280701754	0.785087719298246	1	0.0000000458714901153055	15,174,789 / 7.3 / 0.21
chr16_15320001_15360000	15354567	0.187845303867403	0.812154696132597	1	0.000000655051346253534	15,354,567 / 6.2 / 0.19
chr17_18540001_18780000	18608403	0.31547619047619	0.31547619047619	0	0.000000000000718085461244904	18,608,403 / 12.1 / 0.32
chr17_25280001_25360000	25330413	0.954751131221719	0.0256410256410256	0.980392156862745	0.00000000000000000000000000000000000000000000000000000000000000000323935459855795	25,330,413 / 65.5 / 0.95
chr19_6360001_6380000	6362840	0.543956043956044	0.543956043956044	0	0.00000000000000000000000462946962939247	6,362,840 / 23.3 / 0.54
chr1_28920001_29080000	29017606	0.224171619311243	0.76878612716763	0.992957746478873	0.0000000109553006725117	29,017,606 / 8.0 / 0.22
chr3_31920001_32040000	31957191	0.178743961352657	0.821256038647343	1	0.000000109209344459457	31,957,191 / 7.0 / 0.18
