Balsfjord	Baltic_Autumn	Baltic_Spring	50363.1	51836	229290	178983	180624	139228	1509.93	1567.92	140745
Balsfjord	Baltic_Autumn	BarentSea	100939	242265	48996.1	70639.6	180438	-801.063	263941	232337	140434
Balsfjord	Baltic_Autumn	Canada_Autumn	50248.1	50011.6	230132	182944	180597	140706	2807.73	661.092	140482
Balsfjord	Baltic_Autumn	Canada_Spring	50224.4	50123.9	230102	182175	180571	140730	2190.69	645.631	140681
Balsfjord	Baltic_Autumn	Canada_Summer	54230.7	51988.7	229367	197101	180308	142498	19927.3	5015	140296
Balsfjord	Baltic_Autumn	Japan	107205	249330	36242.4	89146.3	180486	-1597.81	302268	251471	140258
Balsfjord	Baltic_Autumn	NorthSea	50651.6	49922	229010	192858	180377	140894	13720.7	1998.53	140150
Balsfjord	Baltic_Autumn	Norway_Costal	50987.7	51552.8	228551	176913	180485	139690	-90.0599	2792.21	140254
Balsfjord	Baltic_Autumn	Norway_Pelagic	50666.8	50261.8	228444	192961	179605	139499	14812.9	1706.27	139127
Balsfjord	Baltic_Autumn	UK	51313.3	50444.4	229035	182013	180494	141323	3410.87	2714.39	140456
Balsfjord	Baltic_Autumn	Vancouver	109087	203656	45691.2	109193	180460	45861.8	267210	243827	140560
Balsfjord	Baltic_Autumn	WhiteSea	97476.3	238587	57654.5	53449.9	180645	-504.551	234440	220446	140518
Balsfjord	Baltic_Spring	BarentSea	100951	240809	49369.2	70585.1	178903	-586.604	262142	230503	139099
Balsfjord	Baltic_Spring	Canada_Autumn	51989.9	50280.4	228703	182949	178988	140699	4506.79	2273.7	138970
Balsfjord	Baltic_Spring	Canada_Spring	51842.6	50269.2	228895	182181	178998	140645	3539.59	1930.55	139102
Balsfjord	Baltic_Spring	Canada_Summer	55793	52087	228228	197009	178607	142625	20923.9	6170.88	138918
Balsfjord	Baltic_Spring	Japan	107282	247937	36511	89283.6	178884	-1784.59	300624	249662	138847
Balsfjord	Baltic_Spring	NorthSea	52595.3	50394.3	227082	192457	178736	140989	15838.6	4268.5	138777
Balsfjord	Baltic_Spring	Norway_Costal	52422.2	51522.2	227594	176964	178723	139912	913.643	3535.1	139007
Balsfjord	Baltic_Spring	Norway_Pelagic	52266.5	50407.2	227344	193147	177817	139562	16276.5	2729.28	137707
Balsfjord	Baltic_Spring	UK	53194.7	50853.3	227211	182032	178984	141472	5670.07	4963.81	139111
Balsfjord	Baltic_Spring	Vancouver	109472	202575	45813.8	109342	178782	45838	266171	242445	139009
Balsfjord	Baltic_Spring	WhiteSea	97545.8	237187	57942.4	53435.8	178987	-517.248	232727	218604	139151
Balsfjord	BarentSea	Canada_Autumn	242751	101185	48637.5	182866	70516.3	140683	235392	264864	-852.354
Balsfjord	BarentSea	Canada_Spring	242607	101178	48734.2	182097	70719.6	140608	234552	264565	-915.188
Balsfjord	BarentSea	Canada_Summer	244306	100952	49479.3	197237	70415.8	142515	248757	265402	-813.958
Balsfjord	BarentSea	Japan	61897.8	62760.3	127597	89299.4	70521.5	-1712.07	24448.1	4964.86	-876.115
Balsfjord	BarentSea	NorthSea	242324	100528	48418.5	192688	70387.6	140772	244693	264317	-885.299
Balsfjord	BarentSea	Norway_Costal	241283	100780	49216.1	176870	70621.3	139617	228442	262710	-798.09
Balsfjord	BarentSea	Norway_Pelagic	240708	100488	48664.3	192624	70018.3	139271	244477	261988	-986.774
Balsfjord	BarentSea	UK	243052	100858	48658.7	181937	70442.3	141431	234129	264881	-685.958
Balsfjord	BarentSea	Vancouver	103290	56842	107333	109003	70487.6	45532.3	58531.2	66599	-829.517
Balsfjord	BarentSea	WhiteSea	73400	73146	124263	53382.5	70534.2	-588.268	2260.22	19750.6	-781.938
Balsfjord	Canada_Autumn	Canada_Spring	49240.1	49376.1	231540	182181	182950	140590	19.7584	642.492	140743
Balsfjord	Canada_Autumn	Canada_Summer	53418.7	51423.3	230423	197159	182566	142669	18122.1	5541.99	140667
Balsfjord	Canada_Autumn	Japan	107508	249874	35758	89258.7	182849	-1584.68	303340	254581	140690
Balsfjord	Canada_Autumn	NorthSea	49847.7	49355.4	230055	192834	182678	141096	12187.2	2440.85	140577
Balsfjord	Canada_Autumn	Norway_Costal	50433.7	51237.4	229011	176953	182673	139562	-810.59	4084.06	140365
Balsfjord	Canada_Autumn	Norway_Pelagic	49657.2	49496.1	229964	193073	181746	139399	12723.9	1427.15	139222
Balsfjord	Canada_Autumn	UK	50638.6	50006.7	229703	182034	182948	141245	2329.45	3867.06	140606
Balsfjord	Canada_Autumn	Vancouver	109197	204005	45393.7	109319	182741	45607.9	267996	246523	140239
Balsfjord	Canada_Autumn	WhiteSea	97716.1	239067	57271	53431.5	182945	-754.366	235279	223370	140811
Balsfjord	Canada_Spring	Canada_Summer	53377.7	51248.9	230699	197010	181793	142496	17605.5	4462.7	140347
Balsfjord	Canada_Spring	Japan	107531	249756	35829.8	89269.7	182082	-1740.26	303201	253790	140326
Balsfjord	Canada_Spring	NorthSea	50180	49553.7	229439	192738	181918	140959	12842.1	2664.38	140277
Balsfjord	Canada_Spring	Norway_Costal	50518.2	51185.7	229069	176963	181905	139694	-922.462	3339.27	140304
Balsfjord	Canada_Spring	Norway_Pelagic	49827.8	49537.2	229755	193065	180976	139616	12976.3	1036.12	139285
Balsfjord	Canada_Spring	UK	50865.6	50097.7	229372	182032	182180	141260	2758.21	3676.27	140439
Balsfjord	Canada_Spring	Vancouver	109272	203944	45419.5	109316	181977	45515.6	267933	245842	140093
Balsfjord	Canada_Spring	WhiteSea	97697.9	238913	57387.1	53419.5	182177	-626.791	234992	222488	140529
Balsfjord	Canada_Summer	Japan	107136	251289	36701.5	88885	197012	-1821.44	303522	267455	142407
Balsfjord	Canada_Summer	NorthSea	52089	53601.8	228555	192402	196788	140523	17500.2	20347.6	141997
Balsfjord	Canada_Summer	Norway_Costal	52317.8	55123.9	228456	176578	197083	139649	3243.6	20932.3	142443
Balsfjord	Canada_Summer	Norway_Pelagic	51668	53496.4	229008	192707	195646	139378	17262.4	18279.1	141184
Balsfjord	Canada_Summer	UK	52665.8	54032.8	228778	181660	197184	141129	6920.98	21066.5	142477
Balsfjord	Canada_Summer	Vancouver	108963	205620	46223.3	109065	197101	45552	268510	259752	142181
Balsfjord	Canada_Summer	WhiteSea	97577.2	240720	58085.7	53305	197345	-524.937	236001	236840	142659
Balsfjord	Japan	NorthSea	249321	106743	35759.7	192582	88916.1	140714	263543	302470	-1802.51
Balsfjord	Japan	Norway_Costal	248335	107037	36425.4	176767	89046.1	139787	247351	300933	-1510.43
Balsfjord	Japan	Norway_Pelagic	247795	106817	35779.2	192807	88311.4	139200	263884	300206	-1604.3
Balsfjord	Japan	UK	250042	107051	36009.1	181929	89071.6	141354	252955	303081	-1489.1
Balsfjord	Japan	Vancouver	94758.1	47476.6	115000	109032	89006.1	45413	41541.8	68742.1	-1841.79
Balsfjord	Japan	WhiteSea	71467.1	70354.9	121814	53360.1	89054.8	-833.79	1888.32	38685.8	-1900.8
Balsfjord	NorthSea	Norway_Costal	50301.2	51592.6	227926	176557	192504	139533	220.398	14906.3	140829
Balsfjord	NorthSea	Norway_Pelagic	49756.3	50081.4	228189	193098	191503	139449	15068.3	13010.9	139792
Balsfjord	NorthSea	UK	49612.2	49476.3	231120	181760	192847	141182	119.035	11305.3	141066
Balsfjord	NorthSea	Vancouver	108464	203582	45307.1	109045	192721	45440.5	267369	255836	140572
Balsfjord	NorthSea	WhiteSea	97134.8	238697	56973.3	53347.7	192873	-628.241	235121	232956	141120
Balsfjord	Norway_Costal	Norway_Pelagic	51481.7	50515.7	227750	192811	175744	139094	15712.3	-479.868	138152
Balsfjord	Norway_Costal	UK	52227.7	50794.4	228068	181751	176917	141233	4485.94	1097.22	139796
Balsfjord	Norway_Costal	Vancouver	109056	202893	45804.4	109062	176728	45664.3	266218	239973	139724
Balsfjord	Norway_Costal	WhiteSea	97403.3	237689	57744.5	53325.3	176867	-754.345	233333	216541	139558
Balsfjord	Norway_Pelagic	UK	50830.8	50375.9	228021	180859	193150	140112	3228.3	16084.7	139661
Balsfjord	Norway_Pelagic	Vancouver	108545	202455	45257.8	108250	193044	45438.4	265471	256381	139272
Balsfjord	Norway_Pelagic	WhiteSea	97082.4	237091	57181.5	52929.9	193164	-606.374	232880	233066	139500
Balsfjord	UK	Vancouver	108785	204226	45575.6	109249	181816	45720.7	267968	245021	141213
Balsfjord	UK	WhiteSea	97450.5	239432	57247.5	53418.7	182017	-625.93	235665	222207	141335
Balsfjord	Vancouver	WhiteSea	63994.1	110249	102837	53346.8	109165	-682.469	60792.4	70384.4	45542.4
Baltic_Autumn	Baltic_Spring	BarentSea	276406	45557.2	47395.8	264080	1499.28	232551	262229	230546	1620.91
Baltic_Autumn	Baltic_Spring	Canada_Autumn	64653.7	65607.8	63906.5	2809.07	1521.2	646.163	4506.62	2282.99	1590.64
Baltic_Autumn	Baltic_Spring	Canada_Spring	64547.5	65496.7	64141.4	2193.91	1519.16	648.133	3539.88	1929.1	1598.68
Baltic_Autumn	Baltic_Spring	Canada_Summer	70343.6	66928.4	65687.5	19769.9	1515.39	4995.11	21000.4	6184.9	1580.39
Baltic_Autumn	Baltic_Spring	Japan	293817	43952	45622.7	302407	1510.8	251593	300726	249725	1647.11
Baltic_Autumn	Baltic_Spring	NorthSea	65935.7	65617.4	63217.8	13948.7	1505.45	1893.11	16363.9	4254.38	1539.8
Baltic_Autumn	Baltic_Spring	Norway_Costal	66478.7	65378.4	64448.5	-58.8424	1507.05	2736.38	857.484	3534.39	1674.28
Baltic_Autumn	Baltic_Spring	Norway_Pelagic	65284.9	65305.3	64055.2	15042.8	1494.66	1570.08	16286.8	2723.99	1577.43
Baltic_Autumn	Baltic_Spring	UK	67015.2	65805	63566.9	3428.52	1518	2865.98	5675.96	4983.67	1629.79
Baltic_Autumn	Baltic_Spring	Vancouver	286002	43788.4	44999.7	267533	1520.84	243884	266317	242548	1572.82
Baltic_Autumn	Baltic_Spring	WhiteSea	265820	47004.8	48700	234499	1519.84	220550	232793	218665	1639.69
Baltic_Autumn	BarentSea	Canada_Autumn	45899.8	277706	45063.3	2807.94	264208	736.195	235445	265042	232532
Baltic_Autumn	BarentSea	Canada_Spring	45825.7	277627	45231.4	2195.52	264110	671.967	234608	264700	232494
Baltic_Autumn	BarentSea	Canada_Summer	49176.4	276094	47269.2	19780.7	263638	4890.18	248589	265549	231854
Baltic_Autumn	BarentSea	Japan	51227	32208.4	310134	302084	263726	251510	24168.1	4977.66	232439
Baltic_Autumn	BarentSea	NorthSea	46102.8	276297	45124.3	13724.5	263670	2000.95	244633	264650	232183
Baltic_Autumn	BarentSea	Norway_Costal	46177.5	275569	47031.6	-37.4596	264031	2715.31	228473	263199	232177
Baltic_Autumn	BarentSea	Norway_Pelagic	46096	275478	45498.3	15311.3	261548	1641.74	245278	262103	231023
Baltic_Autumn	BarentSea	UK	46744	276387	45623.4	3413.65	263949	2908.4	234176	265047	232642
Baltic_Autumn	BarentSea	Vancouver	55840.1	44410.1	252856	267183	263543	243714	58677.3	66582.4	232237
Baltic_Autumn	BarentSea	WhiteSea	47868.5	60023.6	292074	234363	264281	220452	2251.17	19981.9	232595
Baltic_Autumn	Canada_Autumn	Canada_Spring	63117.4	63112.5	65294.2	2193.61	2808.93	689.038	20.3279	640.313	678.398
Baltic_Autumn	Canada_Autumn	Canada_Summer	69193.4	64820.7	66437.8	19605	2789.94	5036.11	17974.6	5543.27	706.926
Baltic_Autumn	Canada_Autumn	Japan	295159	44337	43317.8	302461	2807.14	251670	303455	254647	780.203
Baltic_Autumn	Canada_Autumn	NorthSea	64331.5	63063.9	64675.8	13813.2	2798.47	2011.77	12229.3	2442.76	690.055
Baltic_Autumn	Canada_Autumn	Norway_Costal	65789.3	63739.9	64509.5	-150.434	2801.74	2716.43	-940.535	4085.82	703.436
Baltic_Autumn	Canada_Autumn	Norway_Pelagic	63895.7	62978.8	65259.2	14917.6	2784.31	1616	12647.3	1423.22	706.543
Baltic_Autumn	Canada_Autumn	UK	65636.3	63472.2	64571.6	3416.56	2808.8	2764.64	2319.03	3873.18	586.125
Baltic_Autumn	Canada_Autumn	Vancouver	287157	43986.3	43347.3	267534	2800.79	243935	268169	246606	695.179
Baltic_Autumn	Canada_Autumn	WhiteSea	267050	47280.9	46423.6	234518	2808.52	220500	235368	223431	666.266
Baltic_Autumn	Canada_Spring	Canada_Summer	69039.3	64676.2	66745.4	19672.5	2174.8	5006.11	17652	4465.48	650.55
Baltic_Autumn	Canada_Spring	Japan	295095	44275.3	43446.8	302511	2197.15	251569	303335	253858	728.442
Baltic_Autumn	Canada_Spring	NorthSea	64665.1	63400.3	64197.5	14001.2	2189.23	1952.61	13243.5	2668.88	646.034
Baltic_Autumn	Canada_Spring	Norway_Costal	65772.5	63727.4	64608.1	-115.742	2188.62	2678.93	-1020.48	3343.58	685.346
Baltic_Autumn	Canada_Spring	Norway_Pelagic	63984.2	63075.8	65108.1	15238	2162.31	1622.92	13166.7	1034.19	765.638
Baltic_Autumn	Canada_Spring	UK	65831.9	63672.6	64350.3	3416.26	2193.68	2788.78	2752.6	3683.53	632.79
Baltic_Autumn	Canada_Spring	Vancouver	287114	43948.6	43397.8	267495	2190.02	243935	268040	245927	701.355
Baltic_Autumn	Canada_Spring	WhiteSea	266956	47191.1	46606.2	234491	2193.76	220545	235066	222551	709.826
Baltic_Autumn	Canada_Summer	Japan	293307	47407	45524	301891	19746.1	251089	303732	267687	5075.25
Baltic_Autumn	Canada_Summer	NorthSea	66185.7	69295.6	65523.3	13683.4	19667	1943.6	17479.1	20430.2	5019.98
Baltic_Autumn	Canada_Summer	Norway_Costal	67171.9	69503.3	66193.5	-112.075	19883.2	2711.15	3177.94	20844.7	5071.47
Baltic_Autumn	Canada_Summer	Norway_Pelagic	65447.8	68889.7	66572	14917.2	19835.2	1627.96	17262.9	18642.2	5067.47
Baltic_Autumn	Canada_Summer	UK	67228.8	69444	65954.3	3406.35	20183.7	2873.23	6910.69	21451.3	5062.36
Baltic_Autumn	Canada_Summer	Vancouver	285386	47147.2	45382.9	266924	19928.8	243328	268684	259743	5026.47
Baltic_Autumn	Canada_Summer	WhiteSea	265593	50678.9	48666.2	234085	19906.6	220020	236087	236756	5054.86
Baltic_Autumn	Japan	NorthSea	44386.2	293571	43528.6	13727.9	301853	1974.14	263598	302676	251179
Baltic_Autumn	Japan	Norway_Costal	44506.4	292885	45304.4	-43.102	301690	2694.53	247506	300883	251260
Baltic_Autumn	Japan	Norway_Pelagic	44592.6	292875	43682.3	14911	299685	1640.31	263958	300523	250000
Baltic_Autumn	Japan	UK	44968.1	293630	44029.2	3424.39	302492	2857.69	253020	303437	251623
Baltic_Autumn	Japan	Vancouver	36175.7	43770.8	269225	266936	301789	243717	41461.5	68731.9	251303
Baltic_Autumn	Japan	WhiteSea	34294.4	65490.5	297809	234289	302434	220371	1887.62	38847.3	251613
Baltic_Autumn	NorthSea	Norway_Costal	65452.4	64676.1	64255.6	-130.336	13851.1	2654.45	241.168	15052.9	1991.11
Baltic_Autumn	NorthSea	Norway_Pelagic	63941.8	64264.3	64435.5	14948.7	13680.5	1527.66	14812.1	13136.3	1919.18
Baltic_Autumn	NorthSea	UK	63847.5	62958.1	66268.5	3406.28	13796	2874.65	104.78	11315.4	2016.61
Baltic_Autumn	NorthSea	Vancouver	285625	44090.1	43487.2	266953	13465	243609	267529	255588	2001.78
Baltic_Autumn	NorthSea	WhiteSea	265731	47548.2	46421.2	234063	13624.2	220058	235182	232950	1933.53
Baltic_Autumn	Norway_Costal	Norway_Pelagic	64328.4	65433.6	64737.5	15160.4	-82.6189	1614.88	15782	-441.991	2689.27
Baltic_Autumn	Norway_Costal	UK	65755.5	65643.9	64587.5	3412.69	-75.7424	2904.04	4485.25	1088.82	2731.08
Baltic_Autumn	Norway_Costal	Vancouver	285044	44296.7	44904.6	266905	-44.5058	243552	266293	240078	2681.95
Baltic_Autumn	Norway_Costal	WhiteSea	265035	47663.4	48316.5	234082	-36.8344	220145	233411	216690	2709.33
Baltic_Autumn	Norway_Pelagic	UK	65468.8	64267.6	64466	3398.49	15156.5	2829.5	3226.19	16195.8	1587.92
Baltic_Autumn	Norway_Pelagic	Vancouver	284972	44309.2	43609.3	264935	14832.4	242393	265633	256170	1666.02
Baltic_Autumn	Norway_Pelagic	WhiteSea	264958	47533.8	46812.6	232258	15097.8	219012	232963	233101	1544.46
Baltic_Autumn	UK	Vancouver	285677	44667.4	43986.4	267521	3414.69	244034	268198	245116	2931.86
Baltic_Autumn	UK	WhiteSea	265791	48187.8	46938.3	234500	3415.62	220405	235743	222264	2813.06
Baltic_Autumn	Vancouver	WhiteSea	45869.6	69506.8	242747	234081	267467	220318	60815.6	70577.6	243995
Baltic_Spring	BarentSea	Canada_Autumn	47813.4	276088	45138.2	4507.03	262315	2274.03	235454	264978	230566
Baltic_Spring	BarentSea	Canada_Spring	47613.6	276229	45180.8	3542.62	262403	1922.15	234617	264813	230569
Baltic_Spring	BarentSea	Canada_Summer	50911.3	274765	47173.8	20753.4	261806	6165.23	248263	265568	230037
Baltic_Spring	BarentSea	Japan	51496.5	32313.5	308582	300384	261936	249611	24149.7	4933.94	230437
Baltic_Spring	BarentSea	NorthSea	48218.4	274183	45406.7	16320.4	261909	4267.82	245030	264727	230239
Baltic_Spring	BarentSea	Norway_Costal	47793.6	274434	46818.7	869.305	261711	3526.89	228437	262692	230206
Baltic_Spring	BarentSea	Norway_Pelagic	47883.7	274209	45469.9	16176.4	259892	2717.33	244834	262307	229068
Baltic_Spring	BarentSea	UK	48801.2	274377	45842.3	5671.24	262162	4971.15	234200	265115	230570
Baltic_Spring	BarentSea	Vancouver	56445.5	44390.3	251636	265933	261754	242335	58635.5	66629.6	230297
Baltic_Spring	BarentSea	WhiteSea	48127.5	60140.9	290504	232682	262393	218530	2257.83	20009.7	230550
Baltic_Spring	Canada_Autumn	Canada_Spring	62965.4	63306.6	66844	3540.75	4506.92	1928.75	21.2879	640.213	2278.69
Baltic_Spring	Canada_Autumn	Canada_Summer	69011.3	65099.6	67957.9	21098.2	4489.31	6173.52	18305	5543.28	2262.21
Baltic_Spring	Canada_Autumn	Japan	293585	46123.3	43433.4	300557	4502.92	249744	303248	254657	2274.53
Baltic_Spring	Canada_Autumn	NorthSea	64648.3	62673.2	66685.4	15956.4	4488.72	4262.06	11952.6	2443.71	2270.95
Baltic_Spring	Canada_Autumn	Norway_Costal	65461.8	64182.1	65882.1	788.833	4498.89	3530.52	-921.19	4086.19	2270.36
Baltic_Spring	Canada_Autumn	Norway_Pelagic	63688.1	63210.9	66741.9	16470.1	4470.48	2722.78	12874.3	1422.78	2256.19
Baltic_Spring	Canada_Autumn	UK	65876.4	63176.2	66514.2	5676.3	4506.69	4987.29	2333.06	3872.45	2286.26
Baltic_Spring	Canada_Autumn	Vancouver	285621	45355.2	43505.1	266294	4501.55	242538	268146	246617	2271.72
Baltic_Spring	Canada_Autumn	WhiteSea	265513	49133	46580.6	232814	4506.96	218670	235370	223439	2278.22
Baltic_Spring	Canada_Spring	Canada_Summer	69032.3	64784.7	68095.2	21136.1	3521.09	6180.52	17804.4	4465.69	1921.75
Baltic_Spring	Canada_Spring	Japan	293766	45961.5	43462.3	300691	3543.02	249728	303192	253869	1911.6
Baltic_Spring	Canada_Spring	NorthSea	65188.7	62872.8	66070.4	16185.9	3530.97	4257.73	12954.9	2669.93	1910.1
Baltic_Spring	Canada_Spring	Norway_Costal	65627.8	64006.9	65818.1	818.829	3534.46	3535.29	-984.929	3343.82	1923.22
Baltic_Spring	Canada_Spring	Norway_Pelagic	63962.6	63148.8	66431.7	16043.2	3498.8	2726.36	12755.3	1034.55	1913.46
Baltic_Spring	Canada_Spring	UK	66278.1	63236.5	66152.9	5672.95	3540.77	4983.09	2760.89	3683.81	1931.55
Baltic_Spring	Canada_Spring	Vancouver	285846	45239.5	43477.7	266364	3538.51	242542	268127	245936	1924.41
Baltic_Spring	Canada_Spring	WhiteSea	265636	48914.9	46635	232775	3540.93	218676	235057	222559	1933.68
Baltic_Spring	Canada_Summer	Japan	292041	49034.6	45488.2	300252	21373.9	249168	303822	268008	6154.9
Baltic_Spring	Canada_Summer	NorthSea	66792.2	68736	67363.1	16120.9	21093	4253.01	17400.9	20566.3	6177.46
Baltic_Spring	Canada_Summer	Norway_Costal	67105.6	69743.4	67367.5	822.18	20953.2	3522.86	3203.16	20691.3	6176.96
Baltic_Spring	Canada_Summer	Norway_Pelagic	65515.2	68933.9	67875.7	16231.2	21026.1	2727.48	17328.7	18816	6155.39
Baltic_Spring	Canada_Summer	UK	67756.8	68975.3	67724.1	5660.96	20988.3	4954.17	6923.05	21068.5	6171.04
Baltic_Spring	Canada_Summer	Vancouver	284196	48399.4	45425.4	265666	20971.6	241976	268638	259826	6173.99
Baltic_Spring	Canada_Summer	WhiteSea	264341	52347.1	48647.6	232360	20858.7	218200	236060	236672	6184.81
Baltic_Spring	Japan	NorthSea	46338.4	291459	43810.5	16102.1	300102	4264.84	263644	302616	249374
Baltic_Spring	Japan	Norway_Costal	46012.9	291810	45149.8	885.175	300212	3531.24	247543	301080	249360
Baltic_Spring	Japan	Norway_Pelagic	46256.1	291649	43698.4	16104.5	298027	2713.03	264054	300560	248131
Baltic_Spring	Japan	UK	46875.1	291641	44265.8	5669.82	300749	4953.71	253030	303376	249734
Baltic_Spring	Japan	Vancouver	36655.6	43791.7	268047	265813	300239	242334	41600.5	68772.4	249475
Baltic_Spring	Japan	WhiteSea	34467.6	65688	296324	232615	300540	218510	1901.01	38695.2	249725
Baltic_Spring	NorthSea	Norway_Costal	64748.7	65444.6	65948.7	825.44	16096.1	3520.22	317.921	14912.5	4251.85
Baltic_Spring	NorthSea	Norway_Pelagic	63361.9	64832.1	66245	16292.4	16178.9	2711.04	14815.1	13274.8	4216.4
Baltic_Spring	NorthSea	UK	63699.6	62983.6	68521.5	5641.9	15861	4956.9	104.701	11038.8	4259.9
Baltic_Spring	NorthSea	Vancouver	283551	45625.1	43809.5	265708	16211	242168	267527	255822	4258.02
Baltic_Spring	NorthSea	WhiteSea	263703	49611.7	46791.7	232363	16517.6	218344	235187	233311	4261.77
Baltic_Spring	Norway_Costal	Norway_Pelagic	64548	65335	65887.8	16339.2	823.378	2727.32	15777.3	-460.144	3508.62
Baltic_Spring	Norway_Costal	UK	66443	65027	66205.9	5656.54	834.594	4972.23	4485.16	1071.76	3538.69
Baltic_Spring	Norway_Costal	Vancouver	284045	45428.2	44830.1	265801	789.218	242164	266412	240028	3530.21
Baltic_Spring	Norway_Costal	WhiteSea	263975	49212	48180.1	232384	903.561	218322	233409	216747	3532.67
Baltic_Spring	Norway_Pelagic	UK	65963.3	63787.7	66211.7	5627.39	16381.9	4910.68	3222.13	16134.6	2718.11
Baltic_Spring	Norway_Pelagic	Vancouver	283777	45555.3	43658.6	263805	15917.7	240951	265710	255969	2714.19
Baltic_Spring	Norway_Pelagic	WhiteSea	263756	49247.6	46852.9	230558	16141.2	217251	232950	232964	2720.79
Baltic_Spring	UK	Vancouver	283732	46161.5	44269.5	266316	5652.21	242544	268212	245116	4967.62
Baltic_Spring	UK	WhiteSea	263861	50182.7	47238.6	232792	5673.82	218670	235739	222282	4978.94
Baltic_Spring	Vancouver	WhiteSea	45913	70033.4	241587	232402	266113	218397	60829.7	70415.6	242507
BarentSea	Canada_Autumn	Canada_Spring	44545.2	44787.4	279373	234617	235454	264718	22.751	640.827	264954
BarentSea	Canada_Autumn	Canada_Summer	48056.3	46995.3	277445	248481	234925	265596	17984.1	5537.12	264506
BarentSea	Canada_Autumn	Japan	51218.9	310975	32018.1	24242.7	235325	4860.52	303152	254532	264653
BarentSea	Canada_Autumn	NorthSea	45017.9	44874.3	277662	244801	235097	264622	11999.9	2447.08	264476
BarentSea	Canada_Autumn	Norway_Costal	45305.2	46997.2	276314	228447	235084	262983	-848.992	4084.9	264626
BarentSea	Canada_Autumn	Norway_Pelagic	44814.1	45052.2	277321	244947	233923	262260	12792	1424.67	262522
BarentSea	Canada_Autumn	UK	45776.6	45492.9	277366	234191	235452	265383	2318.44	3869.32	265108
BarentSea	Canada_Autumn	Vancouver	55623.4	253481	44389.6	58671.3	235176	66623.6	267845	246411	264465
BarentSea	Canada_Autumn	WhiteSea	47787.3	292840	59926.7	2258.36	235441	20083.5	235242	223304	265192
BarentSea	Canada_Spring	Canada_Summer	48073.5	46773.9	277674	248600	234083	265446	17458.6	4461.91	264150
BarentSea	Canada_Spring	Japan	51293.2	310806	32038.5	24258.6	234491	4841.06	303086	253742	264337
BarentSea	Canada_Spring	NorthSea	45395.7	45010.3	276983	244742	234269	264417	12807.1	2674.17	264031
BarentSea	Canada_Spring	Norway_Costal	45449.3	46897.9	276326	228504	234247	263074	-918.415	3343.38	264486
BarentSea	Canada_Spring	Norway_Pelagic	45031.8	45035.5	277056	244915	233085	262050	12936.6	1036.26	262095
BarentSea	Canada_Spring	UK	46055.8	45529.9	276981	234201	234615	265532	2758.37	3681.29	265013
BarentSea	Canada_Spring	Vancouver	55755	253372	44368.2	58565.3	234341	66483.2	267629	245731	264211
BarentSea	Canada_Spring	WhiteSea	47821.4	292632	59991.7	2266.69	234605	19879.2	234956	222424	264669
BarentSea	Canada_Summer	Japan	51342.7	311664	32380.1	24111	248422	4899.31	303412	267371	265230
BarentSea	Canada_Summer	NorthSea	47477.6	48403.3	275302	244322	247874	264095	17439.8	20043	265007
BarentSea	Canada_Summer	Norway_Costal	47432	50189.1	274924	227957	248024	262384	3182.18	20704.3	265115
BarentSea	Canada_Summer	Norway_Pelagic	47047.3	48350.3	275519	244066	247328	261805	17081.8	18782.2	263124
BarentSea	Canada_Summer	UK	48032.4	48813.4	275592	233684	248779	264741	6919.34	21007.1	265509
BarentSea	Canada_Summer	Vancouver	55903.6	254410	44652.9	58487.3	248576	66491.5	268340	259871	265188
BarentSea	Canada_Summer	WhiteSea	48114.4	293766	60128.9	2229.63	248553	19877.3	235937	236555	265623
BarentSea	Japan	NorthSea	310170	50757.5	31884.9	244562	24153.6	264164	263414	302533	4843.22
BarentSea	Japan	Norway_Costal	308907	51298.5	32251.1	228217	24193.8	262497	247251	300796	4879.01
BarentSea	Japan	Norway_Pelagic	308110	51058.4	31846.1	244675	23960.6	261819	263912	300104	4772.53
BarentSea	Japan	UK	311006	50967.5	32131.3	234066	23987.5	264742	252895	302880	4780.57
BarentSea	Japan	Vancouver	110713	49113.3	66139.2	58533.7	24079.6	66452.1	41490.1	68593.5	4887.58
BarentSea	Japan	WhiteSea	83927.3	69031.4	69399.6	2221.96	24289.2	19780.6	1846.62	38774.1	4894.98
BarentSea	NorthSea	Norway_Costal	45353.6	47181.4	274974	228047	244182	262503	242.442	14780.3	264283
BarentSea	NorthSea	Norway_Pelagic	45102.1	45480.5	275305	244536	243313	261695	14763.2	13207.6	262125
BarentSea	NorthSea	UK	44964.5	44828.6	278562	233832	244902	264687	107.094	11393.6	264552
BarentSea	NorthSea	Vancouver	55201.7	252841	44168.4	58493.1	244710	66365.3	267167	255724	264093
BarentSea	NorthSea	WhiteSea	47482.7	292221	59469.1	2266.22	244599	19951.5	235076	232606	264691
BarentSea	Norway_Costal	Norway_Pelagic	47055.7	45610.4	274552	244404	226954	261801	15606.8	-461.942	260380
BarentSea	Norway_Costal	UK	47787.4	45813.9	275168	233822	228415	264656	4485.24	1033.67	262698
BarentSea	Norway_Costal	Vancouver	56064.9	251906	44401.5	58499.6	228212	66527.5	266041	239857	262374
BarentSea	Norway_Costal	WhiteSea	48009.6	290937	59952.5	2224.89	228442	19851.2	233250	216501	262865
BarentSea	Norway_Pelagic	UK	46181.7	45668.9	275170	232707	245101	262946	3223.48	15947.3	262432
BarentSea	Norway_Pelagic	Vancouver	55506.5	251280	44060	58112.2	244765	65902.5	265371	256187	261713
BarentSea	Norway_Pelagic	WhiteSea	47652.4	290159	59613.7	2254.96	244745	19606.4	232833	232816	262017
BarentSea	UK	Vancouver	55415.1	253561	44427.1	58568.8	233917	66642.2	267738	244909	264907
BarentSea	UK	WhiteSea	47730.2	293066	59764.6	2264.55	234177	19950.4	235613	222135	265154
BarentSea	Vancouver	WhiteSea	71381.1	118149	59687.3	2265.99	58619.5	19843	60767.1	70318.7	66538.4
Canada_Autumn	Canada_Spring	Canada_Summer	69499.4	64584.3	65036.5	18222.6	14.0934	5543.5	17778.9	4465.85	639.379
Canada_Autumn	Canada_Spring	Japan	296954	42925.3	43116	303509	26.1476	254657	303330	253869	638.286
Canada_Autumn	Canada_Spring	NorthSea	65165.2	63336.1	62521.5	11853.5	22.303	2443.57	12680.4	2669.26	634.488
Canada_Autumn	Canada_Spring	Norway_Costal	66552.7	63102.4	63213.6	-890.893	22.7427	4086.06	-1005.18	3343.71	639.585
Canada_Autumn	Canada_Spring	Norway_Pelagic	64152.6	63368.5	63120.3	12756	15.0866	1422.88	12996.7	1034.27	643.898
Canada_Autumn	Canada_Spring	UK	66530.6	63289.9	62868.2	2324.52	21.3312	3872.46	2758.77	3683.74	640.05
Canada_Autumn	Canada_Spring	Vancouver	288864	42873.2	42961.6	268078	23.3466	246617	267986	245938	639.685
Canada_Autumn	Canada_Spring	WhiteSea	268695	45883.5	46156	235360	20.4989	223439	235084	222559	640.311
Canada_Autumn	Canada_Summer	Japan	294764	46209.7	45354	302604	18146.9	254091	303495	267402	5531.04
Canada_Autumn	Canada_Summer	NorthSea	66384.2	69485.1	64111.6	12076	17856.2	2432.48	17478.2	20149.2	5540.32
Canada_Autumn	Canada_Summer	Norway_Costal	67621.9	69107.3	65032.1	-925.016	18136.9	4060.47	3173.16	20712.2	5539.44
Canada_Autumn	Canada_Summer	Norway_Pelagic	65322.7	69438.3	64853.6	12760.4	18196.9	1415.54	17356.2	18691.8	5524.22
Canada_Autumn	Canada_Summer	UK	67590.8	69281.4	64700	2320.22	18250.4	3854.99	6918.31	21135.8	5543.37
Canada_Autumn	Canada_Summer	Vancouver	286731	46225.6	45104.8	267609	17922.4	246045	268724	259401	5535.78
Canada_Autumn	Canada_Summer	WhiteSea	266942	49537.2	48391.1	234961	18277.4	222949	236107	236812	5542.52
Canada_Autumn	Japan	NorthSea	43205.4	295019	43362.9	11985.9	302686	2445.53	263603	302533	254270
Canada_Autumn	Japan	Norway_Costal	43547.7	293728	45366	-867.61	302965	4085.58	247467	301139	254260
Canada_Autumn	Japan	Norway_Pelagic	43232.8	294819	43339.7	12593	300436	1418.04	264114	300314	253001
Canada_Autumn	Japan	UK	43896.7	294689	43977.3	2315.92	303359	3864.48	253023	303296	254655
Canada_Autumn	Japan	Vancouver	35831.5	43803.1	269907	267652	303149	246392	41572	68886.4	254366
Canada_Autumn	Japan	WhiteSea	34094.7	65455.9	298642	235157	303257	223279	1896.5	38623.8	254643
Canada_Autumn	NorthSea	Norway_Costal	65952.9	64341.5	63149.3	-949.531	12346.1	4067.75	235.921	15155.7	2440.39
Canada_Autumn	NorthSea	Norway_Pelagic	63805.5	64812.4	62707.2	12889.1	12172.4	1412.15	15028.7	13241.7	2405.07
Canada_Autumn	NorthSea	UK	64244.1	62840.1	65053.9	2309.11	12053.4	3858.87	101.238	11248.2	2443.57
Canada_Autumn	NorthSea	Vancouver	286963	43182.3	43214.5	267670	12023.8	246232	267624	255669	2443.12
Canada_Autumn	NorthSea	WhiteSea	267081	46432.3	46157.7	234916	11983.4	223101	235193	232723	2443.61
Canada_Autumn	Norway_Costal	Norway_Pelagic	63680.9	66301.2	63331.4	12827.5	-803.922	1418.64	15772.3	-373.394	4041.03
Canada_Autumn	Norway_Costal	UK	65568.8	65782.7	63632	2324.62	-859.508	3867.17	4490.81	1092.79	4085.8
Canada_Autumn	Norway_Costal	Vancouver	285764	43598.5	44846.8	267664	-895.266	246236	266425	239961	4079.26
Canada_Autumn	Norway_Costal	WhiteSea	265780	46772.8	48284.6	234936	-919.882	223085	233413	216585	4086.66
Canada_Autumn	Norway_Pelagic	UK	66265	63867.8	62982.7	2314.63	12650.6	3816	3220.76	16027.7	1422.89
Canada_Autumn	Norway_Pelagic	Vancouver	286804	43222.1	43158.3	265635	12566.6	244996	265705	256202	1422.41
Canada_Autumn	Norway_Pelagic	WhiteSea	266786	46215.8	46351.7	233113	12848.7	221986	232968	233252	1421.44
Canada_Autumn	UK	Vancouver	286633	43875.4	43833.6	268051	2320.61	246616	268089	245119	3862.73
Canada_Autumn	UK	WhiteSea	266754	47185.5	46793.9	235355	2326.07	223437	235749	222280	3872.79
Canada_Autumn	Vancouver	WhiteSea	45836.8	69262.2	243362	234935	268119	223167	60820.2	70586	246592
Canada_Spring	Canada_Summer	Japan	295027	46206.9	45164.8	302628	17792.4	253295	303692	267859	4460.97
Canada_Spring	Canada_Summer	NorthSea	66989.6	68823.8	64266.2	13004.6	17895.7	2651.18	17579.7	20602.3	4471.98
Canada_Spring	Canada_Summer	Norway_Costal	67867.9	69009	64826.3	-1045.41	18168.4	3317.36	3147.41	21191.3	4464.98
Canada_Spring	Canada_Summer	Norway_Pelagic	65673.1	69090.3	64755.6	12863.5	17523.8	1022.18	17168.7	18451.2	4440.35
Canada_Spring	Canada_Summer	UK	68064.9	68878.6	64721.7	2757.05	17714.5	3663.47	6920.06	21029.8	4466.41
Canada_Spring	Canada_Summer	Vancouver	287037	46166.2	44959.6	267505	17793.3	245355	268707	260049	4463.59
Canada_Spring	Canada_Summer	WhiteSea	267153	49564.2	48149.4	234655	17666.6	222062	236071	236691	4465.16
Canada_Spring	Japan	NorthSea	43528.6	294343	43496.3	12820.6	302638	2672.8	263567	302651	253489
Canada_Spring	Japan	Norway_Costal	43662.4	293764	45288.9	-927.896	302623	3347.18	247483	300988	253472
Canada_Spring	Japan	Norway_Pelagic	43423.5	294581	43346.9	13274.2	300545	1035.5	264426	300613	252213
Canada_Spring	Japan	UK	44127.5	294311	44017.4	2747.46	303414	3679.2	253023	303561	253867
Canada_Spring	Japan	Vancouver	35928.2	43801	269814	267593	302595	245715	41532	68646.1	253583
Canada_Spring	Japan	WhiteSea	34107.9	65554.6	298464	234863	303134	222402	1887.92	38770.5	253856
Canada_Spring	NorthSea	Norway_Costal	65431.1	64747.1	63441.1	-991.465	12700.5	3329.75	288.088	14701.4	2667.82
Canada_Spring	NorthSea	Norway_Pelagic	63437.4	65010.5	63152.7	12885.2	13062.1	1029.69	14725.1	13323.1	2618.84
Canada_Spring	NorthSea	UK	63946.4	62940.5	65570.8	2751	12907.3	3671.83	114.321	11297.7	2669.79
Canada_Spring	NorthSea	Vancouver	286312	43429.4	43373.9	267545	12679.4	245559	267595	255678	2668.94
Canada_Spring	NorthSea	WhiteSea	266397	46833.9	46288.2	234608	12837.5	222229	235157	232963	2669.93
Canada_Spring	Norway_Costal	Norway_Pelagic	63820.6	66085.9	63363.8	12868	-943.562	1031.26	15560.4	-411.81	3293.11
Canada_Spring	Norway_Costal	UK	65839.8	65521.2	63791.7	2744.26	-1022.32	3681.05	4476.29	1027.77	3344.13
Canada_Spring	Norway_Costal	Vancouver	285826	43639.6	44799.1	267585	-957.072	245558	266428	240097	3341.08
Canada_Spring	Norway_Costal	WhiteSea	265774	46929.3	48167.6	234665	-938.41	222207	233420	216713	3344.56
Canada_Spring	Norway_Pelagic	UK	66275.5	63703.6	63241.2	2747.42	13067.5	3619.52	3220.59	16069.5	1034.4
Canada_Spring	Norway_Pelagic	Vancouver	286586	43334.1	43187.4	265554	12763.8	244314	265708	256124	1034.02
Canada_Spring	Norway_Pelagic	WhiteSea	266508	46451.5	46321.3	232855	12885.2	221104	232986	233125	1033.2
Canada_Spring	UK	Vancouver	286274	44026	43895.8	268061	2751.17	245937	268193	245118	3677.02
Canada_Spring	UK	WhiteSea	266360	47484.8	46820.7	235079	2754.93	222558	235748	222276	3683.83
Canada_Spring	Vancouver	WhiteSea	45809.2	69416.4	243246	234660	268038	222292	60801.5	70617.9	245912
Canada_Summer	Japan	NorthSea	45650.4	292407	46668.5	17253.4	303327	20602.2	262900	302261	267251
Canada_Summer	Japan	Norway_Costal	45684.4	292107	48361.7	3220.69	303043	20563.5	246927	300377	267210
Canada_Summer	Japan	Norway_Pelagic	45470.6	292784	46437.7	17581.2	300918	18552.4	263742	299925	265742
Canada_Summer	Japan	UK	46146.3	292669	47082	6909.59	303758	21220.8	252477	302795	267765
Canada_Summer	Japan	Vancouver	36233.7	43954.6	270673	268179	303202	259258	41476	68651.2	267022
Canada_Summer	Japan	WhiteSea	34546.8	65544.2	299453	235856	303658	236885	1871.48	38663.9	267888
Canada_Summer	NorthSea	Norway_Costal	66682.7	66378.1	69268.3	3239.11	17402.8	20669.4	330.053	14759.3	20466.5
Canada_Summer	NorthSea	Norway_Pelagic	64764.5	66525	69024.5	17438.9	17298.9	18145.2	14859.8	12975.6	19852.4
Canada_Summer	NorthSea	UK	65190.7	64584.7	71377.2	6913.65	17366.9	21056.5	111.486	11186.8	20444.6
Canada_Summer	NorthSea	Vancouver	284429	45457.5	46616.5	268065	17422	259343	266915	255049	20460.8
Canada_Summer	NorthSea	WhiteSea	264882	48932.6	49815.9	235623	17648.9	236739	234743	232616	20750.9
Canada_Summer	Norway_Costal	Norway_Pelagic	65394.2	67481.4	69111.8	17224.5	3257.03	18652.3	15543.1	-395.76	20748.1
Canada_Summer	Norway_Costal	UK	67345.7	67047.4	69488	6915.33	3235.36	21196.9	4474	1068.83	20878.3
Canada_Summer	Norway_Costal	Vancouver	284231	45568.8	47944.2	268226	3261.75	259523	265863	239528	20782.8
Canada_Summer	Norway_Costal	WhiteSea	264535	48925.5	51588.6	235642	3280.4	236923	232969	216211	21333.5
Canada_Summer	Norway_Pelagic	UK	67656.5	65285.1	68970.2	6898.31	17323.2	20813.4	3218.38	15951	18451.4
Canada_Summer	Norway_Pelagic	Vancouver	284853	45291.7	46356.8	266201	17265.8	258126	265149	255700	18637.5
Canada_Summer	Norway_Pelagic	WhiteSea	265134	48482.9	49765.9	233843	17170.3	235206	232555	232538	18530.7
Canada_Summer	UK	Vancouver	284694	45953.4	47032.8	268686	6921.73	259605	267610	244571	21019.2
Canada_Summer	UK	WhiteSea	265142	49483	50240.6	236088	6920.52	236805	235330	221803	21272.2
Canada_Summer	Vancouver	WhiteSea	46191.6	69504.8	244403	235658	268526	236991	60725.4	70326.3	260251
Japan	NorthSea	Norway_Costal	43731.1	45381	292191	247058	263415	300328	259.671	15045.7	301930
Japan	NorthSea	Norway_Pelagic	43616.9	43568.4	292574	263639	262357	299856	14918.7	13374.1	299816
Japan	NorthSea	UK	43326.4	43249.9	295793	252633	263709	302638	108.735	11332.9	302515
Japan	NorthSea	Vancouver	35668.4	269147	43519.1	41415.7	263029	68469.6	267063	255205	302008
Japan	NorthSea	WhiteSea	33994.6	297890	64873.4	1881.96	263621	38614.2	234959	232812	302405
Japan	Norway_Costal	Norway_Pelagic	45487.8	43786.3	291911	264183	245834	299960	15911.6	-507.738	298284
Japan	Norway_Costal	UK	45934.2	44198.3	292363	252625	247398	302593	4484.16	1031.64	300835
Japan	Norway_Costal	Vancouver	36368	268242	43759.5	41426.6	247234	68356.7	265971	239851	300290
Japan	Norway_Costal	WhiteSea	34418	296683	65427.8	1870.2	247487	38737.3	233201	216493	301099
Japan	Norway_Pelagic	UK	44220.8	44197.2	292424	251412	264061	300507	3214.11	16014.9	300432
Japan	Norway_Pelagic	Vancouver	35743.4	267579	43513.2	41146.1	263821	68097.2	265208	256022	299959
Japan	Norway_Pelagic	WhiteSea	33951.5	295935	65143.5	1877.7	263849	38460.5	232733	232731	300512
Japan	UK	Vancouver	35888.8	269886	43744	41574.1	252730	68521.2	267741	244888	302603
Japan	UK	WhiteSea	34258.6	298724	65150.4	1878.9	253021	38749.8	235527	222128	303167
Japan	Vancouver	WhiteSea	78836.3	108879	50087.7	1878.76	41559.6	38695	60712.4	70306.7	68716.1
NorthSea	Norway_Costal	Norway_Pelagic	63780.6	65460	64603.5	14810.7	223.605	13178	15635.7	-539.071	14825.9
NorthSea	Norway_Costal	UK	63834.2	67446.1	63095.7	105.506	390.838	11430.2	4464.15	1133.37	15024.1
NorthSea	Norway_Costal	Vancouver	284290	43716	44924.8	267084	301.257	254966	265893	239680	14528.1
NorthSea	Norway_Costal	WhiteSea	264525	46754.6	48532	234755	286.228	232584	232964	216298	14882.1
NorthSea	Norway_Pelagic	UK	63965.6	65881.7	62795.4	111.853	14774.9	11345.6	3217.26	15918.8	13136.2
NorthSea	Norway_Pelagic	Vancouver	284626	43540.8	43451.8	265073	14568.6	254104	265179	255575	13072.4
NorthSea	Norway_Pelagic	WhiteSea	264849	46431.1	46838.7	232945	14922.1	231458	232530	232942	13052.5
NorthSea	UK	Vancouver	287788	43232	43157.9	267571	111.9	255518	267652	244737	11132.9
NorthSea	UK	WhiteSea	268020	46288.5	46173.8	235178	105.539	232963	235293	221937	11335.4
NorthSea	Vancouver	WhiteSea	45643	68710.8	242761	234739	267516	232476	60666.6	70391.7	255537
Norway_Costal	Norway_Pelagic	UK	65742.6	64188.9	65433.6	4452.78	15813.4	1033.92	3222.4	16164.4	-480.66
Norway_Costal	Norway_Pelagic	Vancouver	284047	45037.1	43729.2	263924	15613.7	238503	265241	255926	-455.563
Norway_Costal	Norway_Pelagic	WhiteSea	264136	48382.3	47013.7	231188	15681.6	215304	232560	232677	-430.449
Norway_Costal	UK	Vancouver	284454	45473	44184.4	266345	4489.87	239962	267634	244752	999.037
Norway_Costal	UK	WhiteSea	264686	49129.3	47228	233416	4491.65	216669	235330	221933	1096.23
Norway_Costal	Vancouver	WhiteSea	45931	69588.4	241881	233010	266324	216363	60702.4	70387.2	240007
Norway_Pelagic	UK	Vancouver	284460	44089.2	44118.3	265768	3219.2	256051	265736	243549	15756.2
Norway_Pelagic	UK	WhiteSea	264689	47538.4	47022.1	232967	3217.96	232914	233493	220860	15802.2
Norway_Pelagic	Vancouver	WhiteSea	45529.6	68985.3	241278	232545	265675	232837	60228.4	69884.1	256254
UK	Vancouver	WhiteSea	45927.3	69001.8	243495	235341	268104	222003	60811.7	70517.6	245089
